Per förändring Effektiv;Reporänta;Förändring i procentenheter;Inlånings-ränta;Utlånings-ränta
2017-07-05;-0,50;0,00;-1,25;0,25
2017-05-03;-0,50;0,00;-1,25;0,25
2017-02-22;-0,50;0,00;-1,25;0,25
2016-12-28;-0,50;0,00;-1,25;0,25
2016-11-02;-0,50;0,00;-1,25;0,25
2016-09-14;-0,50;0,00;-1,25;0,25
2016-07-13;-0,50;0,00;-1,25;0,25
2016-04-27;-0,50;0,00;-1,25;0,25
2016-02-17;-0,50;-0,15;-1,25;0,25
2015-12-16;-0,35;0,00;-1,10;0,40
2015-11-04;-0,35;0,00;-1,10;0,40
2015-09-09;-0,35;0,00;-1,10;0,40
2015-07-08;-0,35;-0,10;-1,10;0,40
2015-05-06;-0,25;0,00;-1,00;0,50
2015-03-25;-0,25;-0,15;-1,00;0,50
2015-02-18;-0,10;-0,10;-0,85;0,65
2014-12-17;0,00;0,00;-0,75;0,75
2014-10-29;0,00;-0,25;-0,75;0,75
2014-09-10;0,25;0,00;-0,50;1,00
2014-07-09;0,25;-0,50;-0,50;1,00
2014-04-16;0,75;0,00;0,00;1,50
2014-02-19;0,75;0,00;0,00;1,50
2013-12-18;0,75;-0,25;0,00;1,50
2013-10-30;1,00;0,00;0,25;1,75
2013-09-11;1,00;0,00;0,25;1,75
2013-07-10;1,00;0,00;0,25;1,75
2013-04-24;1,00;0,00;0,25;1,75
2013-02-20;1,00;0,00;0,25;1,75
2012-12-19;1,00;-0,25;0,25;1,75
2012-10-31;1,25;0,00;0,50;2,00
2012-09-12;1,25;-0,25;0,50;2,00
2012-07-11;1,50;0,00;0,75;2,25
2012-04-25;1,50;0,00;0,75;2,25
2012-02-22;1,50;-0,25;0,75;2,25
2011-12-21;1,75;-0,25;1,00;2,50
2011-11-02;2,00;0,00;1,25;2,75
2011-09-14;2,00;0,00;1,25;2,75
2011-07-06;2,00;0,25;1,25;2,75
2011-04-27;1,75;0,25;1,00;2,50
2011-02-16;1,50;0,25;0,75;2,25
2010-12-22;1,25;0,25;0,50;2,00
2010-10-27;1,00;0,25;0,25;1,75
2010-09-08;0,75;0,25;0,00;1,50
2010-07-07;0,50;0,25;-0,25;1,25
2010-04-21;0,25;0,00;-0,25;0,75
2010-02-17;0,25;0,00;-0,25;0,75
2009-12-23;0,25;0,00;-0,25;0,75
2009-10-28;0,25;0,00;-0,25;0,75
2009-09-09;0,25;0,00;-0,25;0,75
2009-07-08;0,25;-0,25;-0,25;0,75
2009-04-22;0,50;-0,50;0,00;1,00
2009-02-18;1,00;-1,00;0,25;1,75
2008-12-10;2,00;-1,75;1,25;2,75
2008-10-29;3,75;-0,50;3,00;4,50
2008-10-15;4,25;-0,50;3,50;5,00
2008-09-10;4,75;0,25;4,00;5,50
2008-07-09;4,50;0,25;3,75;5,25
2008-04-30;4,25;0,00;3,50;5,00
2008-02-20;4,25;0,25;3,50;5,00
2007-12-20;4,00;0,00;3,25;4,75
2007-10-31;4,00;0,25;3,25;4,75
2007-09-12;3,75;0,25;3,00;4,50
2007-06-27;3,50;0,25;2,75;4,25
2007-05-09;3,25;0,00;2,50;4,00
2007-04-04;3,25;0,00;2,50;4,00
2007-02-21;3,25;0,25;2,50;4,00
2006-12-20;3,00;0,25;2,25;3,75
2006-11-01;2,75;0,25;2,00;3,50
2006-09-06;2,50;0,25;1,75;3,25
2006-06-21;2,25;0,25;1,50;3,00
2006-05-03;2,00;0,00;1,25;2,75
2006-03-01;2,00;0,25;1,25;2,75
2006-01-25;1,75;0,25;1,00;2,50
2005-12-07;1,50;0,00;0,75;2,25
2005-10-26;1,50;0,00;0,75;2,25
2005-08-31;1,50;0,00;0,75;2,25
2005-06-22;1,50;-0,50;0,75;2,25
2005-05-04;2,00;0,00;1,25;2,75
2005-03-16;2,00;0,00;1,25;2,75
2005-02-02;2,00;0,00;1,25;2,75
2004-12-15;2,00;0,00;1,25;2,75
2004-10-20;2,00;0,00;1,25;2,75
2004-08-25;2,00;0,00;1,25;2,75
2004-06-30;2,00;0,00;1,25;2,75
2004-06-02;2,00;0,00;1,25;2,75
2004-05-05;2,00;0,00;1,25;2,75
2004-04-07;2,00;-0,50;1,25;2,75
2004-02-11;2,50;-0,25;1,75;3,25
2003-12-10;2,75;0,00;2,00;3,50
2003-10-22;2,75;0,00;2,00;3,50
2003-08-20;2,75;0,00;2,00;3,50
2003-07-09;2,75;-0,25;2,00;3,50
2003-06-11;3,00;-0,50;2,25;3,75
2003-04-30;3,50;0,00;2,75;4,25
2003-03-19;3,50;-0,25;2,75;4,25
2003-02-12;3,75;0,00;3,00;4,50
2002-12-11;3,75;-0,25;3,00;4,50
2002-11-20;4,00;-0,25;3,25;4,75
2002-10-23;4,25;0,00;3,50;5,00
2002-08-21;4,25;0,00;3,50;5,00
2002-07-10;4,25;0,00;3,50;5,00
2002-06-12;4,25;0,00;3,50;5,00
2002-05-02;4,25;0,25;3,50;5,00
2002-03-20;4,00;0,25;3,25;4,75
2002-02-13;3,75;0,00;3,00;4,50
2001-12-12;3,75;0,00;3,00;4,50
2001-10-17;3,75;0,00;3,00;4,50
2001-09-19;3,75;-0,50;3,00;4,50
2001-08-29;4,25;0,00;3,50;5,00
2001-07-11;4,25;0,25;3,50;5,00
2001-06-06;4,00;0,00;3,25;4,75
2001-05-02;4,00;0,00;3,25;4,75
2001-03-28;4,00;0,00;3,25;4,75
2001-02-07;4,00;0,00;3,25;4,75
2000-12-13;4,00;0,25;3,25;4,75
2000-10-11;3,75;0,00;2,75;4,25
2000-08-23;3,75;0,00;2,75;4,25
2000-07-12;3,75;0,00;2,75;4,25
2000-06-14;3,75;0,00;2,75;4,25
2000-05-10;3,75;0,00;2,75;4,25
2000-03-29;3,75;0,00;2,75;4,25
2000-02-09;3,75;0,50;2,75;4,25
1999-12-15;3,25;0,00;2,75;4,25
1999-11-17;3,25;0,35;2,75;4,25
1999-10-13;2,90;0,00;2,75;4,25
1999-09-22;2,90;0,00;2,75;4,25
1999-09-01;2,90;0,00;2,75;4,25
1999-08-18;2,90;0,00;2,75;4,25
1999-07-07;2,90;0,00;2,75;4,25
1999-06-23;2,90;0,00;2,75;4,25
1999-06-09;2,90;0,00;2,75;4,25
1999-05-26;2,90;0,00;2,75;4,25
1999-05-12;2,90;0,00;2,75;4,25
1999-04-28;2,90;0,00;2,75;4,25
1999-04-14;2,90;0,00;2,75;4,25
1999-03-31;2,90;-0,25;2,75;4,25
1999-03-17;3,15;0,00;2,75;4,25
1999-03-03;3,15;0,00;2,75;4,25
1999-02-17;3,15;-0,25;2,75;4,25
1999-02-03;3,40;0,00;3,25;4,75
1999-01-20;3,40;0,00;3,25;4,75
1999-01-13;3,40;0,00;3,25;4,75
1998-12-16;3,40;-0,20;3,25;4,75
1998-11-25;3,60;-0,25;3,25;4,75
1998-11-18;3,85;0,00;3,25;4,75
1998-11-04;3,85;-0,25;3,75;5,25
1998-06-09;4,10;-0,25;3,75;5,25
1997-12-16;4,35;0,25;3,75;5,25
1996-12-17;4,10;-0,25;3,75;5,25
1996-12-11;4,35;0,00;3,75;5,25
1996-11-27;4,35;-0,25;4,25;5,75
1996-10-30;4,60;-0,25;4,25;5,75
1996-10-23;4,85;-0,10;4,75;6,25
1996-10-09;4,95;-0,10;4,75;6,25
1996-09-25;5,05;-0,10;4,75;6,25
1996-09-11;5,15;-0,10;4,75;6,25
1996-08-28;5,25;-0,15;4,75;6,25
1996-08-21;5,40;0,00;4,75;6,25
1996-08-14;5,40;-0,15;5,25;6,75
1996-07-31;5,55;-0,15;5,25;6,75
1996-07-17;5,70;-0,20;5,25;6,75
1996-07-03;5,90;-0,20;5,25;6,75
1996-06-26;6,10;0,00;5,25;6,75
1996-06-19;6,10;-0,20;6,00;7,50
1996-06-05;6,30;-0,20;6,00;7,50
1996-05-22;6,50;-0,20;6,00;7,50
1996-05-08;6,70;-0,20;6,00;7,50
1996-05-02;6,90;0,00;6,00;7,50
1996-04-24;6,90;-0,25;6,75;8,25
1996-04-10;7,15;-0,25;6,75;8,25
1996-03-27;7,40;-0,20;6,75;8,25
1996-03-20;7,60;-0,25;7,50;9,00
1996-03-06;7,85;-0,20;7,50;9,00
1996-02-28;8,05;-0,25;7,50;9,00
1996-02-14;8,30;-0,15;8,00;9,50
1996-01-31;8,45;-0,21;8,00;9,50
1996-01-10;8,66;-0,25;8,00;9,50
1995-07-05;8,91;0,25;8,00;9,50
1995-06-07;8,66;0,25;7,50;9,00
1995-04-19;8,41;0,07;7,50;9,00
1995-04-12;8,34;0,07;6,50;8,50
1995-04-05;8,27;0,07;6,50;8,50
1995-03-29;8,20;0,05;6,50;8,50
1995-03-22;8,15;0,05;6,50;8,50
1995-03-15;8,10;0,05;6,50;8,50
1995-03-08;8,05;0,15;6,50;8,50
1995-03-01;7,90;0,07;6,50;8,50
1995-02-22;7,83;0,03;6,50;8,50
1995-02-15;7,80;0,20;6,50;8,50
1994-12-14;7,60;0,20;6,00;8,00
1994-11-02;7,40;0,20;6,00;8,00
1994-08-17;7,20;0,28;6,00;8,00
1994-08-16;6,92;0,00;6,00;8,00
1994-06-15;6,92;-0,03;6,00;7,50
1994-06-01;6,95;-0,05;6,00;7,50